Id,SalePrice
1461,126091.98888928299
1462,162152.09968527767
1463,183513.33258439653
1464,178543.6871891913
1465,190219.4529878593
1466,189971.40444056853
1467,177431.16094016808
1468,175713.50432417222
1469,174382.83240976185
1470,121061.09412145482
1471,191227.74228092353
1472,93044.71989314872
1473,93739.01291706658
1474,140020.25312351054
1475,122600.50513666535
1476,314417.9173809489
1477,244225.3129077823
1478,289400.6964027819
1479,350434.4173389035
1480,433981.8407733114
1481,314269.46382933797
1482,204297.1067343012
1483,202318.15325633183
1484,163129.9908543143
1485,175282.32498339994
1486,205323.20550580233
1487,292430.3424223669
1488,245526.01162108325
1489,197220.3561727711
1490,224036.3319467716
1491,196048.61222569537
1492,105185.99138069079
1493,189559.02240373948
1494,299291.0023550162
1495,226359.90791743033
1496,220145.1691174941
1497,188803.4754493013
1498,155452.63003949515
1499,154971.78212897555
1500,159057.5311507474
1501,165156.19099966032
1502,154983.23972567925
1503,206232.4851624288
1504,225987.21826093883
1505,216118.67831999768
1506,189134.49310961628
1507,302892.9025536188
1508,194660.40666864815
1509,163162.39204662762
1510,149734.59415701914
1511,150557.60491861505
1512,162663.23457903738
1513,149920.87330192447
1514,149532.73784105413
1515,207028.524900274
1516,139717.08636308843
1517,142882.14800657379
1518,139092.83426012853
1519,215497.196496587
1520,138772.9897926158
1521,143594.1055258535
1522,159936.63205536213
1523,123421.65717034401
1524,125397.32534318192
1525,119810.33577480724
1526,140460.31723783314
1527,104440.85439341588
1528,115991.18631541923
1529,139294.5245868102
1530,150462.5486732409
1531,131499.79548884713
1532,99200.07489998618
1533,140328.63370610683
1534,116898.58397517448
1535,146153.3107798968
1536,106890.01110928305
1537,101357.8203521078
1538,127592.71354257301
1539,194302.84842898382
1540,184626.63277264527
1541,142119.15098489178
1542,136962.76208733802
1543,176410.28148241807
1544,85239.31331713265
1545,91604.50573475458
1546,114472.5481092061
1547,135797.2170080008
1548,128896.18949903658
1549,89254.77497109653
1550,140898.35582975022
1551,106614.39567119055
1552,145873.28257336692
1553,145644.7535577724
1554,111866.11651642919
1555,181125.46305579864
1556,111691.59018442419
1557,126711.71574759828
1558,83936.70094872935
1559,132626.98773409837
1560,128263.47906076149
1561,189044.4097762829
1562,115813.54011150736
1563,118504.84654311469
1564,158439.84944800864
1565,158552.9436006758
1566,200820.43576155193
1567,94624.75653546989
1568,211554.29220174413
1569,147510.95219149042
1570,132110.52414769586
1571,133057.43250015943
1572,128693.633263621
1573,248711.4069328402
1574,143122.5906057991
1575,192034.7754677376
1576,225615.86653842614
1577,201233.54285163566
1578,134282.75590644148
1579,143490.09224023914
1580,188204.2938829861
1581,152965.17783650782
1582,120721.60011699332
1583,309987.6610792421
1584,258287.3100096537
1585,142919.9101494475
1586,86865.67621656034
1587,120647.4825729803
1588,152040.20489289708
1589,114508.04945623734
1590,136549.48725376965
1591,121295.85080017295
1592,112035.31544257197
1593,110492.56821693727
1594,171019.9654333373
1595,165302.56182619813
1596,185598.0254516624
1597,211852.27246855389
1598,186093.41815371238
1599,143459.83271166473
1600,166749.8834684231
1601,78909.90841242827
1602,96261.56044679033
1603,102761.60476684052
1604,262364.25993189664
1605,238395.75206613643
1606,161026.24933461854
1607,231938.3714655446
1608,211561.88201998023
1609,200093.9907300543
1610,174768.3637846353
1611,167287.66282712904
1612,195987.4109995526
1613,201055.5757188411
1614,127303.90955614769
1615,92411.19537281008
1616,92411.19537281008
1617,93109.52525090461
1618,117859.81857793262
1619,136030.17056434555
1620,266453.8535057712
1621,151575.1521882073
1622,142851.45842287233
1623,275450.2663083959
1624,196296.8129790348
1625,124121.46294038856
1626,164256.45556947627
1627,178148.39443469752
1628,236755.23561391686
1629,177510.096286451
1630,340241.7435405481
1631,209474.5791414943
1632,279865.416227348
1633,173636.22279356982
1634,180152.308533526
1635,181964.08473005999
1636,178362.26932945
1637,168994.97862851247
1638,207585.81771272366
1639,184790.69364561036
1640,252997.50379794213
1641,185715.93272702847
1642,230674.78966115802
1643,214491.09753125813
1644,221867.2291505491
1645,175531.66369936484
1646,157887.99413890543
1647,161171.0735767713
1648,139801.38548136957
1649,142992.91423928508
1650,117167.29191839657
1651,118359.73212624642
1652,93563.92555555697
1653,93563.92555555697
1654,140253.21807353117
1655,134837.53791325158
1656,140387.4305590594
1657,140529.78764097823
1658,140494.468146472
1659,122132.32976809643
1660,144671.50860740407
1661,434484.90997274854
1662,332059.51795903675
1663,368112.606301051
1664,395477.5010391742
1665,339417.1033281208
1666,345651.3643074293
1667,329628.4626810973
1668,321089.20833575964
1669,239486.1510841424
1670,360103.6365609398
1671,339989.88148393057
1672,435586.0499236967
1673,276389.4367722348
1674,246495.64129102408
1675,199470.14713666213
1676,203134.66314199098
1677,203091.4954325102
1678,395275.4861995347
1679,379291.3683773789
1680,327419.27199510776
1681,216402.49315805445
1682,325925.78021053184
1683,188963.9598694182
1684,174513.93750249528
1685,175877.6547846495
1686,172653.43359385166
1687,174006.5500338225
1688,183211.8969605576
1689,182076.62071793844
1690,176912.0846094731
1691,174086.40481739398
1692,225401.99961162335
1693,173878.28289090865
1694,178593.1071462339
1695,176379.20746900316
1696,297192.17352125066
1697,176379.20746900316
1698,320941.92221471504
1699,306497.36111690267
1700,253402.5855171638
1701,285892.60737233364
1702,308883.1099728678
1703,295257.1588057811
1704,282542.78489884926
1705,204134.69205924193
1706,350493.28517292714
1707,207479.1801558105
1708,209228.86835208625
1709,240767.18030394494
1710,205068.11523337706
1711,213398.47317818634
1712,321575.91840846115
1713,270098.6853705845
1714,219601.42044962037
1715,199172.99085508555
1716,173779.63695382208
1717,150554.72867787993
1718,152089.08258620286
1719,221100.30077018385
1720,225225.84536785597
1721,149136.70321674642
1722,149136.70321674642
1723,175148.81917032346
1724,209715.28372464736
1725,228001.63968069854
1726,205427.85085805703
1727,182374.77261499048
1728,180452.91747858812
1729,174554.56246493408
1730,164640.17241824805
1731,129927.08079680662
1732,116407.96547437864
1733,119349.93896511097
1734,135540.96476564
1735,121046.55561873809
1736,121012.19904584884
1737,256204.7773193958
1738,189454.42650741476
1739,319909.7542564741
1740,318968.7559261083
1741,177331.31713302043
1742,165156.19099966032
1743,166090.7526514735
1744,202196.9920640157
1745,198984.17429845952
1746,195412.96847021044
1747,193702.99076064143
1748,236132.77280421005
1749,161214.16379946674
1750,145669.38911386934
1751,211719.3975361077
1752,117849.28451768203
1753,164575.21238390656
1754,187708.7293265767
1755,175132.79249216593
1756,121854.06116226295
1757,112808.15091812213
1758,150899.0478814133
1759,165398.78503437052
1760,151079.81386884107
1761,148648.10030688747
1762,176651.71717169034
1763,154270.96772425878
1764,121674.93118779379
1765,159028.96939402737
1766,158737.65497212362
1767,191472.25780297053
1768,134879.09611505904
1769,146113.29940958717
1770,126051.3820848057
1771,137377.1007750743
1772,148099.88395388742
1773,138458.07607090758
1774,191149.50450938143
1775,127502.93292440873
1776,143629.19053100573
1777,102974.83286721406
1778,111927.38615779213
1779,131876.0379917771
1780,160396.97026696126
1781,134159.67927211028
1782,104360.65448950033
1783,132112.25827919113
1784,88258.50151829062
1785,114619.31466166358
1786,132258.1790400888
1787,141519.42652664415
1788,78921.11100747838
1789,99066.82575816786
1790,86183.40976573402
1791,236387.50685926955
1792,156349.0977179727
1793,143396.14407979086
1794,122529.00505339506
1795,136015.22805144518
1796,128886.11619437819
1797,114018.19849292144
1798,126746.80587167206
1799,94209.98417749397
1800,140769.86710414966
1801,140638.35481996348
1802,119836.51031011913
1803,163198.97411822365
1804,130742.14528944844
1805,135348.02773186594
1806,124304.60858753798
1807,136608.72673440914
1808,125176.96205426352
1809,136664.0952517329
1810,142404.45732344876
1811,139025.63584484498
1812,129035.22220825695
1813,118652.88025710091
1814,102668.29787661266
1815,77083.72790489376
1816,94659.60851825686
1817,136182.47613471642
1818,136964.76878239226
1819,113463.3817746174
1820,87420.99342450548
1821,99612.2350281829
1822,136935.8101743811
1823,93580.58904037584
1824,144891.39839384452
1825,140937.36244550685
1826,106080.48319692157
1827,105929.85817279482
1828,139548.4211986753
1829,107784.84016954804
1830,145283.82419002312
1831,143565.53957153414
1832,159399.6478118953
1833,169591.56141648404
1834,127197.91832704104
1835,129657.60519731964
1836,123980.0325206008
1837,88465.325877846
1838,131384.27289688337
1839,80378.65145732943
1840,179436.50586612633
1841,157560.1442696075
1842,104447.59659935522
1843,145630.76616604338
1844,142421.63373273142
1845,147357.6972148127
1846,159132.25874380296
1847,249383.15133107084
1848,90608.85773236038
1849,171920.80472261683
1850,129706.62360569264
1851,160961.93196273845
1852,126515.43017122343
1853,138812.48167299348
1854,146841.26214688952
1855,186541.82914655234
1856,202861.5084753244
1857,199134.57947902524
1858,198722.19040807654
1859,143157.24642884542
1860,141697.18782256643
1861,143441.4171431311
1862,304133.9930448585
1863,299155.4378969096
1864,299155.4378969096
1865,312999.526047702
1866,319239.28015739366
1867,232814.2791815306
1868,325179.8294948292
1869,206479.47082773485
1870,194733.36573521222
1871,228614.2609372466
1872,175021.63929209593
1873,206250.1303646652
1874,143993.42506428226
1875,221216.4865618851
1876,213355.54225380064
1877,192725.44192114368
1878,224723.88384266236
1879,140126.65799204138
1880,127770.14148277084
1881,246435.7850874338
1882,262019.583926124
1883,204316.31895392816
1884,227648.196001669
1885,228730.95227313624
1886,334400.92725121835
1887,189936.20201638842
1888,254746.48477058843
1889,176075.46758008312
1890,142515.90040338272
1891,146404.52034752382
1892,115257.52153688576
1893,148840.6402222417
1894,143486.51349956126
1895,162676.13626805486
1896,117478.61594984481
1897,116828.19777077391
1898,98164.66433805422
1899,128715.10018146224
1900,98294.36709242075
1901,166562.58642868788
1902,161886.6798424827
1903,229629.92155448667
1904,130994.56903197705
1905,168785.6032339639
1906,141061.3347240293
1907,247381.13975253713
1908,95400.65813647778
1909,103898.16447573324
1910,103898.16447573324
1911,209698.51570417918
1912,257145.14215748673
1913,133083.90139273982
1914,86874.04089260241
1915,275120.67289625754
1916,115542.89366012215
1917,263908.31337327854
1918,130299.53899475215
1919,156711.58740668706
1920,225549.2190570258
1921,391282.6755748625
1922,283988.55219928065
1923,192980.88715783175
1924,214423.49415215894
1925,251567.37200531617
1926,362701.77003230085
1927,148989.48496748114
1928,170112.0028197524
1929,120851.0077059545
1930,146618.46691468655
1931,142934.59401487917
1932,152389.43663672174
1933,160917.88706552458
1934,178703.63101975326
1935,179398.68003262562
1936,178605.18912417584
1937,183497.40219761076
1938,204432.88557354652
1939,258458.31024638028
1940,190219.4529878593
1941,180536.19283770342
1942,205411.90200803388
1943,188775.41037176482
1944,312109.41217504564
1945,360922.9827337422
1946,178875.44762046813
1947,287751.2348179883
1948,206959.56018879294
1949,273801.15292904543
1950,166010.78651069925
1951,255055.4368322795
1952,199822.96621514866
1953,170847.91855402652
1954,188352.7045114104
1955,128577.69435949501
1956,255905.18431805942
1957,182274.8395717865
1958,298580.767382995
1959,164167.87627389445
1960,128631.8507211174
1961,117102.39264887372
1962,93563.92555555697
1963,93563.92555555697
1964,106287.05930209912
1965,140387.74633380267
1966,136094.88261795396
1967,254442.8626057604
1968,412253.9820337463
1969,365744.43764548795
1970,393875.1427570424
1971,330032.19533255295
1972,267077.8343584458
1973,245868.63326458025
1974,302376.5544032609
1975,386729.2485401699
1976,240654.45757747252
1977,322066.9035055401
1978,388475.0834241768
1979,330298.8234543579
1980,204393.667761048
1981,290478.8886965809
1982,210221.74756972035
1983,210221.74756972035
1984,178950.66912182298
1985,197498.57672772385
1986,232358.85020574444
1987,180765.58039251756
1988,179511.65269069676
1989,202209.3972358588
1990,231747.99544102149
1991,205155.596069114
1992,228702.675705522
1993,175982.7296855388
1994,259811.77218557903
1995,184592.56366735045
1996,292471.9131935049
1997,260308.31947880358
1998,343919.02847939695
1999,270961.0033842821
2000,305266.8349914704
2001,264850.7557756126
2002,250952.5138675767
2003,212473.90435799625
2004,232766.497076765
2005,212300.01371654027
2006,205860.87285762865
2007,274824.5379611029
2008,196900.47833374923
2009,203093.91964309904
2010,197475.718424358
2011,162801.96435906144
2012,185002.7543758854
2013,186032.47156226018
2014,186405.92806638067
2015,197630.812349595
2016,202619.31194230763
2017,205847.21377316726
2018,133449.6890761333
2019,113418.95846249239
2020,118828.18766922699
2021,114329.84479740882
2022,187490.78894572932
2023,154528.88256802544
2024,303908.2960169351
2025,377059.8867204947
2026,177929.45509485685
2027,154663.68726573096
2028,162642.00361313668
2029,164482.09868602097
2030,254433.38405524238
2031,183828.735626775
2032,184360.6852573343
2033,215439.59967571113
2034,161429.76300238547
2035,209422.15990955313
2036,154486.83108742547
2037,155442.86475066873
2038,273703.20679989696
2039,172248.5829853628
2040,270919.4505367037
2041,201832.4540345427
2042,219122.82769361645
2043,158351.43203088013
2044,153256.0818660516
2045,179340.34486803517
2046,141264.35180829122
2047,157410.19614294133
2048,119432.97306217604
2049,145789.5227740873
2050,170080.6913112341
2051,120119.2556233547
2052,139380.4584710218
2053,144513.34612591454
2054,74791.55452778509
2055,156531.23739119418
2056,145685.33521838856
2057,115596.6316261501
2058,203604.18433167163
2059,138445.75492860746
2060,151736.0155938115
2061,164087.83393601078
2062,134339.77731722678
2063,118072.3365037989
2064,134450.88822458443
2065,127094.05880099368
2066,192272.60754450088
2067,145161.71223590354
2068,202400.62676337973
2069,107690.33379096487
2070,101953.62715534806
2071,82156.03461416002
2072,132143.47164712404
2073,142295.89267197467
2074,147321.09098686744
2075,146824.46347482334
2076,116680.35719659032
2077,147494.0257380617
2078,134735.68053193856
2079,125554.54754037224
2080,119103.04031007276
2081,116241.84661678677
2082,153968.91452771812
2083,134990.26983576556
2084,110564.93909774443
2085,136652.13868641257
2086,156668.41826567307
2087,118258.15794081226
2088,114591.20960898735
2089,80602.11251541297
2090,129430.83552205416
2091,137585.1575859754
2092,133932.21271051595
2093,155179.57952944553
2094,101966.65632654281
2095,131448.23013473183
2096,98092.74059957499
2097,90372.10416274946
2098,150177.87515470255
2099,66066.48556988042
2100,153735.34499788098
2101,133513.5809791564
2102,135297.894483806
2103,89763.84000718378
2104,170256.0379972099
2105,132411.887143947
2106,100205.79511283457
2107,214417.50977669508
2108,127039.24183325257
2109,130439.89672606745
2110,123492.47932335996
2111,137461.25018240753
2112,140531.90577443189
2113,109862.02403200766
2114,104053.46911457632
2115,141956.3674362466
2116,107043.81969097481
2117,140890.08749002055
2118,122678.7760939936
2119,100892.44653911432
2120,94858.66397952953
2121,112950.330692692
2122,91883.85527710678
2123,97294.85968444891
2124,167612.288567375
2125,140676.8063012338
2126,132130.75877226167
2127,149145.9205909029
2128,129286.27838867737
2129,83263.88877078574
2130,157208.6594715842
2131,125294.42116389383
2132,107311.28721404124
2133,103741.8605130965
2134,111263.34788372202
2135,86347.09929926522
2136,123880.48035151926
2137,121824.98574677068
2138,144367.37825224514
2139,162842.88036446716
2140,140614.10451662345
2141,138864.24126604054
2142,145010.14775818458
2143,141049.96774904607
2144,135367.11388454612
2145,124781.84726387954
2146,181066.11180776253
2147,158015.8359832677
2148,126335.91744345831
2149,124942.81725394439
2150,200482.01221022467
2151,91730.95094622354
2152,185616.41122554996
2153,156611.95471996072
2154,127446.54005716929
2155,110857.02414246034
2156,280725.10892831977
2157,238643.9700078685
2158,260574.81266864412
2159,206182.53781570934
2160,172334.12788218606
2161,253966.82661735255
2162,380763.092346332
2163,346135.09479305206
2164,221461.20833072998
2165,165843.97294901454
2166,143993.42506428226
2167,185394.02839793134
2168,210102.2491424503
2169,191333.70273492523
2170,222926.63038361762
2171,164478.84129648408
2172,146508.21516719137
2173,198152.6144968951
2174,247218.47761030585
2175,207494.16041809312
2176,337768.00515593693
2177,292882.0184629385
2178,206311.37375726935
2179,142584.74719490204
2180,296307.6105856324
2181,192427.212748196
2182,245234.32280129497
2183,202643.3411119572
2184,146085.6274470695
2185,151995.52643391705
2186,136561.41770311017
2187,156095.54893998822
2188,151125.55205055364
2189,264737.3360401265
2190,125151.85435405481
2191,126051.55306978352
2192,106748.68571458854
2193,101083.87362268878
2194,115244.8149504812
2195,118307.59756512962
2196,134312.396225096
2197,105429.49187379098
2198,141824.94399809538
2199,153883.1623978964
2200,122970.37636847982
2201,126703.6978969436
2202,157569.23197362648
2203,166934.23183839387
2204,151653.97027255464
2205,117507.86858559605
2206,121768.7448922268
2207,165819.16060025507
2208,193267.78906880048
2209,252446.55715974318
2210,95400.65813647778
2211,107944.87566228322
2212,106431.99639320566
2213,112151.92812091959
2214,136726.63475032433
2215,112472.36586580824
2216,176318.91036503913
2217,115442.32316493994
2218,110997.21569137707
2219,83033.79045689646
2220,76101.89121847774
2221,275120.67289625754
2222,262364.25993189664
2223,372320.9149425202
2224,212922.52752665032
2225,165094.22900831184
2226,247976.66837717302
2227,203905.23448000726
2228,244035.10482541853
2229,222502.5775603157
2230,174668.3900236225
2231,194518.10819100603
2232,224172.04858073793
2233,191083.56818049093
2234,195980.89512592225
2235,247396.47001003523
2236,317950.6199397744
2237,337426.822775196
2238,190580.0804847475
2239,149708.34310491162
2240,169367.22508301222
2241,159212.73373267567
2242,137078.82298743216
2243,131453.21614102562
2244,92242.2403910427
2245,87458.62964881692
2246,163574.73607793674
2247,93667.5536970672
2248,128081.858962374
2249,126518.71007837477
2250,131459.02485239922
2251,191235.55189192854
2252,175344.9468373192
2253,173837.91144923904
2254,182381.13693493747
2255,182842.38164318114
2256,185587.37488536985
2257,228355.528838399
2258,177708.4069691504
2259,182606.6435507736
2260,155080.49760898028
2261,177598.0363210249
2262,182528.96200291163
2263,321077.3257949082
2264,405156.3983639054
2265,197292.80183357184
2266,247802.77417004108
2267,389707.9797080655
2268,368712.7999141538
2269,166966.16249097252
2270,165219.39457891602
2271,185855.0005637436
2272,186139.53257287707
2273,167846.90068189226
2274,171566.3106057637
2275,165414.63576236315
2276,158479.4437788533
2277,174966.63091947936
2278,169354.25979134635
2279,121225.59995227135
2280,139838.36203638616
2281,186119.2158587413
2282,184017.19221494358
2283,94409.98059993517
2284,102763.25456679933
2285,136360.11644274028
2286,132417.8640274937
2287,337060.71907418116
2288,291945.03842205746
2289,377539.13424195646
2290,368764.8698364602
2291,333520.18294066185
2292,372295.3369205552
2293,390681.7400278559
2294,369024.1804162958
2295,395054.90091047384
2296,279816.71729357715
2297,241707.24389366925
2298,342482.55677092186
2299,401675.9146865974
2300,297052.1832455591
2301,218487.42527991737
2302,243924.51452007488
2303,273842.754004776
2304,209619.31533618353
2305,183303.09275359963
2306,183303.09275359963
2307,201457.33863067097
2308,227259.0735977625
2309,238163.01895244536
2310,210578.20593533517
2311,188508.85158072773
2312,180105.14260093903
2313,178022.1491749037
2314,186359.86870550364
2315,175108.30918171213
2316,227389.26755016972
2317,202738.99656881928
2318,178328.57693412376
2319,177148.86561437786
2320,195513.0158926131
2321,233483.82076427146
2322,182556.84859495173
2323,172528.07821390883
2324,173867.18592177142
2325,236215.0853160481
2326,176004.10540194853
2327,223749.90783005962
2328,224583.11304470882
2329,181977.39988107368
2330,179147.33173621897
2331,351002.4243504591
2332,320240.0126857306
2333,309089.01453677093
2334,264810.5986873832
2335,259960.9925630311
2336,306562.39845041547
2337,200850.3560931864
2338,238529.61909915932
2339,236825.86968750265
2340,360411.1537297416
2341,238993.8033295409
2342,222209.67636915672
2343,217733.85953806125
2344,239256.7025709892
2345,209403.88095942576
2346,204056.2204435059
2347,199558.5736894914
2348,210942.06896412096
2349,187819.23943236435
2350,234456.84749655763
2351,256921.5364922534
2352,286489.1488126104
2353,303998.6463106929
2354,149465.81807368138
2355,149357.54466258507
2356,148623.1954663571
2357,226919.76702727468
2358,220136.81985649824
2359,111399.97787946607
2360,127715.4713714887
2361,137789.71291782672
2362,302711.50914676767
2363,141766.358006985
2364,151838.7899792855
2365,191866.03001952913
2366,164221.4424370642
2367,229269.52260491226
2368,194524.80113995285
2369,224938.1286737482
2370,161900.07449099765
2371,171420.7504221559
2372,186073.88744259212
2373,252267.5273882285
2374,289497.94119291945
2375,222082.6330407527
2376,244130.601447024
2377,258555.36317945138
2378,153149.57802397222
2379,176285.34625479934
2380,144855.29625262902
2381,152158.9049976904
2382,168007.92748163184
2383,223960.6733151141
2384,260984.61623233196
2385,146091.19612789273
2386,139545.9842820426
2387,139059.86397715448
2388,136848.41484304817
2389,128556.9885151387
2390,161065.94593463925
2391,124219.36495732528
2392,121673.62101664954
2393,147032.38809290028
2394,136712.6841323457
2395,176819.1710411493
2396,157156.87730077028
2397,178717.1483454736
2398,119886.81569766585
2399,82401.73934233496
2400,69542.40995626403
2401,108488.46082771305
2402,132115.7547328113
2403,140638.706756794
2404,152309.81390049018
2405,149519.23468295354
2406,119939.01788806454
2407,119155.51042494428
2408,138937.49328806487
2409,141849.7905284966
2410,143935.39393505067
2411,120853.43081650142
2412,152878.7853704709
2413,131445.88026913264
2414,137543.19422273335
2415,139190.36337353147
2416,117145.9474497031
2417,116197.44383164815
2418,117417.96566307193
2419,133207.2400055923
2420,117373.80299516034
2421,157304.43742399878
2422,128616.24419888043
2423,136861.73465534623
2424,139907.05532297795
2425,272516.3093701426
2426,101146.53587055505
2427,136854.4748334052
2428,148310.5430360353
2429,117361.45730710644
2430,124458.29889516452
2431,134093.60335237373
2432,127551.71966970015
2433,138577.59185206896
2434,146935.74945827675
2435,150925.16034364214
2436,122596.27282639824
2437,117492.05279842942
2438,122774.0672813339
2439,109641.86606967337
2440,113576.24367753603
2441,97768.10848951958
2442,95647.51932989473
2443,116379.02462155353
2444,98079.81374201208
2445,102860.24312380064
2446,126224.0661859883
2447,139773.89045250288
2448,164219.19000073228
2449,96083.96600395415
2450,138818.8365610524
2451,121826.53385014925
2452,221314.30216934983
2453,121335.98448857729
2454,153363.19795003085
2455,96604.8712396973
2456,134014.10673703885
2457,107897.81328001889
2458,97956.44107272754
2459,111083.17026202964
2460,132456.32551005424
2461,117427.4185892459
2462,114231.34111553918
2463,112385.3838646807
2464,192032.4688399684
2465,131390.77493140032
2466,111079.8956331954
2467,119906.57054827995
2468,101775.81817196436
2469,98134.83447706979
2470,202666.25558046374
2471,160596.78417080813
2472,161190.74420236572
2473,118929.44298351702
2474,128115.66468843273
2475,200086.92863863587
2476,106211.04565407494
2477,141312.6543020293
2478,161082.77705511235
2479,146356.17877639225
2480,148042.83649727152
2481,143147.14511758214
2482,120902.20428308629
2483,124034.43644835589
2484,126406.32325807327
2485,120602.72945384393
2486,163392.4469898113
2487,259206.29501525176
2488,117721.5134071314
2489,140508.024583807
2490,156870.95461878798
2491,112545.91083464625
2492,191127.908992911
2493,166428.19329912483
2494,184907.03853234465
2495,167449.5197394994
2496,236541.30609435082
2497,145820.1931471636
2498,114070.65534456717
2499,120873.85882569922
2500,139168.99121142123
2501,141604.48820087855
2502,132554.94330381657
2503,107829.47420994878
2504,200746.09160778433
2505,237400.23084445496
2506,268203.10008778074
2507,320152.87331671076
2508,273436.81095906766
2509,231650.34879830587
2510,226988.61069282133
2511,190270.4165576863
2512,209853.72135059972
2513,223016.62369016727
2514,196389.12387423866
2515,147901.2093317386
2516,170179.15889812962
2517,143683.26639980785
2518,145620.3341116904
2519,231326.5718973276
2520,209187.55861939833
2521,201704.2836359499
2522,226542.08668023295
2523,127150.79152697045
2524,143108.97780211555
2525,142003.56535144945
2526,142367.36663414675
2527,140126.65799204138
2528,124814.74961904684
2529,120120.64647847392
2530,120486.73796227819
2531,260018.0167985408
2532,234192.53212375517
2533,202990.08232083346
2534,232236.2930813453
2535,281510.61941585667
2536,210437.5130859784
2537,191673.72048453757
2538,177882.68650998743
2539,179503.45065045627
2540,201946.5288494695
2541,175374.64447060498
2542,178320.35811463534
2543,127797.60232293405
2544,136630.15105563373
2545,126639.81416044437
2546,131296.5164778853
2547,136854.83694821282
2548,208648.83936600902
2549,176619.5250395168
2550,462124.8276874247
2551,146404.52034752382
2552,123763.30637689655
2553,126051.55306978352
2554,130227.17993561066
2555,93201.85953353134
2556,108301.62373654527
2557,113439.234306654
2558,236712.2920340276
2559,144165.9193516807
2560,113550.20457120652
2561,88884.91918096777
2562,138627.3676005124
2563,153151.71334900204
2564,160894.72880600754
2565,149455.88674465072
2566,139230.08962366974
2567,128691.06468058219
2568,179035.50906225844
2569,184406.00009906932
2570,95525.8307555254
2571,279836.5976016112
2572,145011.55075210362
2573,189591.36120672702
2574,354116.4428177425
2575,108479.87816182032
2576,150417.01305832452
2577,170263.4686304468
2578,89666.59919973987
2579,92046.57915554958
2580,133051.70492722967
2581,130115.50963344664
2582,111069.67635379586
2583,259131.20726892256
2584,161857.16854019987
2585,191480.95593067125
2586,198502.9913871198
2587,205221.85115136954
2588,126127.93271135332
2589,139094.4770035186
2590,203810.4146346654
2591,255221.30551898267
2592,263359.3758504525
2593,235842.99619848692
2594,175917.1151699993
2595,196450.18477506045
2596,331354.4342425799
2597,212497.19501752753
2598,311014.8788515899
2599,344130.38370062097
2600,252127.26818929598
2601,145433.82187729326
2602,93109.52525090461
2603,90956.00428209266
2604,92411.19537281008
2605,93998.73118749021
2606,142496.85274024666
2607,183685.08243381948
2608,194191.16849882624
2609,154888.829082534
2610,113660.32377917055
2611,179688.71113512557
2612,161711.72874201837
2613,130485.29878346482
2614,127706.48333234573
2615,129904.27656221908
2616,124779.36031398311
2617,174586.70172271694
2618,206078.21986925357
2619,209101.0777668545
2620,179801.22198172807
2621,195249.0851944249
2622,221833.15018596558
2623,267837.7009112833
2624,339890.5332649721
2625,389617.5790862266
2626,176381.5661499665
2627,170135.894929277
2628,339086.4542641765
2629,352247.2666147456
2630,291175.1958449567
2631,453723.7817368158
2632,332867.8806360225
2633,277622.3729457525
2634,373054.47852729564
2635,156699.32190854225
2636,165463.05886448457
2637,147011.61200285677
2638,236251.49484795972
2639,185225.99170995026
2640,155946.2832835705
2641,117486.09361340666
2642,191940.98935299806
2643,94915.33557443984
2644,127536.99376504548
2645,93227.95315628228
2646,92230.96785136015
2647,94175.60118817046
2648,135469.35812832584
2649,154288.2599443061
2650,135351.18407474225
2651,139896.34224882183
2652,441495.7539655906
2653,258596.56878313312
2654,345660.7756972497
2655,361436.10359256057
2656,280838.00294879463
2657,282996.2236690878
2658,296942.36989439785
2659,283553.2278380436
2660,296983.06014823733
2661,345632.66421539115
2662,346952.359903902
2663,229840.62576128554
2664,231957.79110032148
2665,274622.4882044943
2666,268013.6382981974
2667,174598.71250249527
2668,175087.30087700996
2669,200945.60724163937
2670,271257.3035286421
2671,175211.72560543206
2672,192136.0983768293
2673,204905.87539550048
2674,207078.09419181195
2675,159215.77173131116
2676,182156.4876920653
2677,232826.74250540845
2678,273791.49745614175
2679,242454.52524976182
2680,291458.29202784563
2681,318996.1784409529
2682,314845.64759314834
2683,431442.338212967
2684,303993.2104308877
2685,309321.66418553976
2686,246016.25699810614
2687,286288.16373559163
2688,235372.44923832166
2689,197023.51701763368
2690,436806.0226442604
2691,203923.22187076882
2692,148177.38567047394
2693,192448.93411238055
2694,150101.6114282279
2695,187479.98710412197
2696,182580.7623347858
2697,221305.99755760972
2698,206249.85383326188
2699,183889.3825871551
2700,176393.90123120052
2701,171360.45374509305
2702,134491.5347438117
2703,137548.1466540869
2704,136140.20038792046
2705,134293.67125766914
2706,123902.18065452648
2707,125082.61356056448
2708,146559.26874824468
2709,119904.09255392186
2710,124174.91514789814
2711,254910.81325179854
2712,311945.4177533704
2713,147467.97605371592
2714,157757.28203628803
2715,164632.4583333317
2716,156674.8264913481
2717,200003.17052101303
2718,226633.90462272507
2719,166982.0124084177
2720,155572.36679126238
2721,143734.36475868517
2722,164111.79445758916
2723,132140.84544348533
2724,122840.10022075429
2725,141060.25328653803
2726,146481.35797385464
2727,157346.26910584516
2728,164077.22702634917
2729,157156.60349365853
2730,148447.12804695196
2731,103202.6136205288
2732,110873.45327933291
2733,159853.53998584146
2734,158331.57667800973
2735,134294.8359622099
2736,163432.77446126696
2737,119462.55205772741
2738,138618.20181689068
2739,152494.24324106128
2740,132285.57152995124
2741,148721.07212873234
2742,149860.29111807098
2743,150259.0588665065
2744,137268.58224995964
2745,121476.26330484374
2746,127970.59996950546
2747,153757.05354484767
2748,133834.3637700015
2749,125975.9925788695
2750,143243.95025743177
2751,127142.04444296421
2752,249249.66310686312
2753,159235.31568247167
2754,246422.2790921216
2755,120054.45955248903
2756,94453.04603494768
2757,94132.84600984171
2758,65198.98816807208
2759,139603.67745799595
2760,139568.28603879933
2761,144302.23762671946
2762,142506.6896083294
2763,159485.35317791495
2764,153651.79968211165
2765,257134.62012577624
2766,145266.33792656494
2767,105976.17275104897
2768,139633.0648821626
2769,134736.07938626592
2770,131932.36130829045
2771,114974.00799624351
2772,131847.1306703834
2773,133930.3317438479
2774,138391.1763368023
2775,125033.50584414644
2776,118816.99754901582
2777,121928.39764250102
2778,88559.79741538042
2779,136450.26558422897
2780,104109.20670756605
2781,101168.47524427272
2782,116424.56439839449
2783,117166.99401909212
2784,118734.75229925675
2785,144528.43415357417
2786,73592.17541761647
2787,115824.88111946221
2788,99510.5687363895
2789,147990.61657527782
2790,97770.4369458715
2791,121467.97260558676
2792,99091.86679553858
2793,171740.88745458968
2794,99235.55092477579
2795,120497.77381127932
2796,106822.78435798519
2797,226913.40928599949
2798,139951.2361760454
2799,113002.10856269306
2800,100736.1786786516
2801,112588.2050058046
2802,136353.35914185588
2803,206841.61183497016
2804,179061.15141812313
2805,109672.84112335922
2806,102261.67613587063
2807,177620.28755306438
2808,145740.04055512708
2809,127675.30850546686
2810,139904.45223732782
2811,164428.99900497193
2812,138959.70389767026
2813,207652.03342071385
2814,197561.47576884058
2815,118245.9283288973
2816,238939.58334234118
2817,157764.2252271473
2818,122608.96194867679
2819,138667.67367610926
2820,148895.7895807372
2821,110609.35965543952
2822,199668.62283103846
2823,310033.60109055595
2824,163068.6206367658
2825,158821.6543152571
2826,133260.06933141197
2827,138155.121988786
2828,301304.83752300625
2829,190836.6262835161
2830,207492.565077884
2831,187668.15300427488
2832,348115.3789510916
2833,250401.42327610406
2834,225075.70799584273
2835,242814.67315583734
2836,187139.13594118253
2837,164891.67015580123
2838,147589.69933854486
2839,178353.03291902656
2840,185712.78849388275
2841,206762.93087820665
2842,206884.3636125576
2843,153097.48463098792
2844,163998.44664503136
2845,120120.64647847392
2846,206569.05048424908
2847,207069.2676202274
2848,186778.82530165344
2849,222949.25547653844
2850,265388.3148259369
2851,262729.25241513015
2852,240737.31820600838
2853,227772.79129331943
2854,142919.9101494475
2855,195124.54917485063
2856,207266.6823318553
2857,186817.37625739045
2858,190320.38984671343
2859,127307.93174206653
2860,135846.38843196034
2861,166194.15526651128
2862,204721.27898928613
2863,143990.43005078644
2864,297053.2809126105
2865,146404.52034752382
2866,148644.39603358466
2867,90164.14262673791
2868,128824.68980913729
2869,135410.09890639744
2870,181824.93344938595
2871,108879.20214893091
2872,74875.12032179584
2873,115410.8186416734
2874,139145.49478862816
2875,126709.9977716849
2876,149644.54057669928
2877,137793.93667242353
2878,161623.22782630488
2879,132184.8503710135
2880,119756.81475063524
2881,155558.39054287793
2882,143940.51899842045
2883,136673.24270983733
2884,147694.9202619706
2885,189858.86054548647
2886,223210.9534682921
2887,116805.12522274934
2888,113468.9528089545
2889,84807.72414631296
2890,80496.5813373241
2891,145541.46047131115
2892,105328.2218000515
2893,119862.83427229057
2894,79832.16510846498
2895,284004.6630813841
2896,263485.3471739602
2897,198465.98801824872
2898,146039.90195034302
2899,220473.74309344977
2900,161934.8458371665
2901,210031.79340039828
2902,188367.6764367446
2903,364078.3485136064
2904,340597.5170739686
2905,184092.97187542808
2906,192671.06997837382
2907,114237.28238892535
2908,121041.90237457374
2909,156535.1413971603
2910,82221.70195011108
2911,93109.52525090461
2912,164060.87088537266
2913,92411.19537281008
2914,92411.19537281008
2915,92411.19537281008
2916,92654.79589723537
2917,162861.97845541738
2918,143191.16664294922
2919,235569.07752511062
